17,1
18,11,1
18,11
17,26
1,16,11
1,17,11
2,11
18,1
18,12
1
18,8
18,8,1
2
6,2,8,1
16,2,11,15,27
16,2,11,17,1
16,2,11,16,1,27
2,11,16,1
1,11,17,1
2,8,1
12
8,11
8,11,1
2,8,11
2,8,11,1
16,2,12
16,2,8
17,1,8
16,2,1,8
17,1,8,1
16,21,11,1
16,2,11
17,8,11
16,2,8,11
17,8,11,1
16,2,8,11,1
16,1
16,2,1
11,16,1,27
2,11,16,1,27
11,17,1
17,12
2,12
2,17,11
11
10,8
2,10,8
17,8
15,2,8
17,8,1
16,2,8,1
1,8
15,2,1,8
1,8,1
2,17,1,8,1
17,11
17,2
15,1
20
16,2
17,16,1
8,16,1,5
2,1
7
16,26
18,8,16,1
17,8,16,1
18,16,1
13,20
26
5
19
6
3
8,1
8,1,6
12,5
9
4
8,1,1
8
6,5
6,1
3,6
3,1,6
3,1
1,6
22,26
22
27
17,22