18,11,21,1,7
1,2
18,11,21,1,2
18,11,21,15,2
18,11,21,1,4,2
18,7,3,1,10,30
18,7,17,18,2
18,7,1,7
18,7,1,2
18,7,11
18,11,21
18,7,21,1,10,30
18,11,8
18,1,2
7
8,2
18,7
18,1,29
18,7,17,10,29
22
1,11,21,1,2
1,7,16,21,1,2
1,7,21,17,1,2,19
1,7,16,21,1,2,19
1,7,21,1,2
1,7,21,1,2,19
1,21,1,2
1,21,1,2,19
1,7,3,18,2
1,7,3,1,2
27,6,17,8,12
17,21,15,10,28
17,21,15,4,17,10
1,17,12,6
11,6,1,2
11,6,1,3,2
11,6
11,6,1,4
11,8
1,12
4,21,1,10,26
11
9
3,1,2
3,1,2
1,7,9
15,7
15,12
17,1
12
17,7
17,2
18,7
18,2
15,4,1,2
1,4,3,15,4,9
1,7,16,3
1,7,16,3,1,2
1,3,1,4,2
1,3,1,2
7,3,1,2
1,3,1,2
1,7,3,1,2
14,1,7
14,1,2
15,3
15,12
15,7
15,2
18,7
18,17
15,7
15,17
19,17
17
19,7
1,4,2
1,12
7,9
1,2
1,10
