4
10,29
10,28
12,29,23,18
43,67,59,52
11,13,22,18,3
10,11,29,60
11,13,22,18
13,37,0,4
59,9,0,24,17,22
11,13,22
11,13,28
11,29,23
21,12,22
21,12,23
21,12,28
10,18,16
21,22
29,15
29,18
10,21
11,13
13,22
66,22
59,9,0,52,3
59,9,0,2,3
59,4,9,52,33
59,9,0,2,8
59,9,0,24,8
59,9,0,2,23
59,9,0,2
59,9,0,28
59,9,0,52
59,9,0,4
59,9,0,1,2,3
59,9,0,1,2
59,1,2
59,1,2,3
0,1,2,3
0,2,3
53
20
18,3
10,11,13
0,4,22
12,4,22
29,23,15
12,29,23
12,28,20
10,13,22,64,0,1,4
12,29,23,15
9,0,4,22
10,13,22
12,13,8
18
65
22,34,59,4,0,2
10,22,64,0,1,4
10,11,13,28
11,13,15,20
12,13,23
12,21,63,23
12,21,63,28
59,11,13,28
10,13,8
12,21,62
59,29,15
59,4,22
10,29
11,29
12,20
12,21
12,29
28,20
29,23
22,10
11,13,9,20
12,21,22
1,4,22
10
4,22
0,2
0,4
59,29
13
12,13
0,1,2
12,9,0,1,2,3
12,9,0,2,3
12,9,0,1,2
12,9,0,1,52
12,9,0,2
12,9,0,52
0,1,52
0,2,23
0,52,23
26,2,23
0,1,2,23
12,9,0,1,2,23
12,9,0,2,23
0,52,3
0,2,56,23
0,52,56,23
26,2,56,23
0,1,2,56,23
12,9,0,1,2,56,23
12,9,0,2,56,23
0,24,29
0,24,17,15,8
0,24,57
0,24,23
0,8,28
0,8
0,58
0,2,56
0,52
0,24
15
21
22
23
28
29
10,16
12,32
