75,4,22,9,0,1,2,3
75,4,9,0,1,2,3
75,9,1,2
75,9,0,1,2
75,9,0,2
75,2,3
4,22,76
75,1,2,3		
75,1,2
4,63,66
74,4,12,65,63,7
74,4,12,65
74,32,40
75,4,12,65,63,7
75,4,12,65
75,4,31
74,4,22,34,84
75,13
86
80,4
12,4
81,4
75,47
75,14
0,9,2
4,22,34,0,2
4,22,34,84,0,2
0,4,31
17,22
13,19
80,75,4
80
82
75,4
14
75,4
0,47
4,12,42
12,55
5,4
75,2
12,11,24
0,1,2,3		
0,1,2
0,2,3
0,2
10
59,2
0,4,12,65,63,7
0,4,12,65
4,12,65
43,28
28
44
45
12,16
16
0,4
0,46
2
75,32,23,12,73
0,32,23,12,73
75,8,23
12,13,41
12,13,63,58
12,29,40
12,14,24,28
86,11,13,22
86,29,15
86,29,28
86,29,23
86,29,23,18
22,80,59,4
10,7,28
12,41
10,85
75,8
32,23,12,73
0,8,23
75,51,23
0,51,23
0,8
74,28,79,23
4,12,24,27
12,24,27
28,27,5,4
11,13
28,29,5,4
9,74,28
4,77,2
15
75,11,13
75,29,18
13,63,28
70
75,13,8,28
63,18,28
75,4,28,18
0,2,29,28
62
75,29
15,24
12,14,8,23,18
14,13
10,55
12,13,8,23,18
55,23,18
12,14,24
18
59,4
55
59,52
74,4
14
59
11,13,62
62,13,22
22,13,62
13,22,18
29,23,12,73
10,13,12,28
74,29,9,24,10
0,24,11,13,22,18
74,11,13
22,10,13
12,24
24
74,29
11,29
14
11,13,9,15
11,13,9,23
10,13,22,15
11,13,15
10,28,18
12,29,15
29,23,18
11,13,9
10,11,13,22
11,13,22
22,10,62
74,55
12,55
29
12,58
58
10,13,28
10,13
10,29,28
12,70,28
29,28
13,12,28
74,28
52
11,13,28
16,87
59,4
59,51
80,81,28
12,11,28
11,13,28
11,13,12,41
10,13,12,41
12,23
12,55
55
63,13,12,28
11,13,12,28
13,22
0,14
13,22,15
13
14
62,13
10,29
10,28
12,29,23,18
43,67,59,52
11,29,13,22
11,68,13,22
12,71,63,28
43,67,59,2
11,13,22,18,3
10,11,29,60
11,13,22,18
13,37,0,4
59,9,0,24,17,22
59,29
11,29,23
21,12,22
21,12,23
21,12,28
10,18,16
21,22
29,15
29,18
10,21
12,13,22
12,11,13
66,22
59,9,0,52,3
59,9,0,2,3
59,4,9,52,33
59,9,0,2,8
59,9,0,24,8
59,9,0,2,23
59,9,0,2
59,9,0,28
59,9,0,52
59,9,0,4
59,9,0,1,2,3
59,9,0,1,2
59,1,2
59,1,2,3
0,1,2,3
53
0,1,4
20
18,3
10,11,13
15,22
0,4,22
12,4,22
29,23,15
12,29,23
12,28,20
10,13,22,64,0,1,4
12,29,23,15
9,0,4,22
10,13,22
12,13,8
65
22
22,34,59,4,0,2
10,22,64,0,1,4
10,11,13,28
11,13,15,20
12,13,23
12,21,63,23
12,21,63,28
59,11,13,28
10,13,8
0,4,83,23
12,21,62
59,29,15
59,4,22
12,20
12,21
12,29
28,20
29,23
22,10
11,13,9,20
12,21,22
1,4,22
10
4,22
12,13
12,9,0,1,2,3
12,9,0,2,3
12,9,0,1,2
12,9,0,1,52
12,9,0,2
12,9,0,52
0,1,52
0,2,23
0,52,23
26,2,23
0,1,2,23
12,9,0,1,2,23
12,9,0,2,23
0,52,3
0,2,56,23
0,52,56,23
26,2,56,23
0,1,2,56,23
12,9,0,1,2,56,23
12,9,0,2,56,23
0,24,29
0,24,17,15,8
0,24,57
0,24,23
0,8,28
0,58
0,2,56
52
0,52
0,24
0,8,15
21
23
28
79
10,16
12,32
32
41
